Prevalencia	Humedad.relativa__mean	Temperatura__mean	Viento__mean	Humedad.relativa__mean.1	Temperatura__mean.1	Viento__mean.1	Humedad.relativa__mean.2	Temperatura__mean.2	Viento__mean.2	Humedad.relativa__mean.3	Temperatura__mean.3	Viento__mean.3	Humedad.relativa__mean.4	Temperatura__mean.4	Viento__mean.4	Humedad.relativa__mean.5	Temperatura__mean.5	Viento__mean.5	Humedad.relativa__mean.6	Temperatura__mean.6	Viento__mean.6	Precipitacion__sum	Precipitacion__sum.1	Precipitacion__sum.2	Precipitacion__sum.3	Precipitacion__sum.4	Precipitacion__sum.5	Precipitacion__sum.6
0	58.6518427	21.059505	6.5360722	73.2267762	19.9063399	9.7801561	72.670922	20.7114102	6.4667854	64.036605	22.9765968	7.916849	75.9963655	21.5114471	7.020278	75.7731304	22.4057193	7.7601207	79.2913078	23.34874	8.9977079	6.264499	52.5448382	12.9326524	19.1188893	80.1356877	50.4726446	38.2867384
1	59.6752384	24.4684948	6.7028494	66.7081844	24.9433535	7.6356501	68.7853016	23.5105718	9.6315436	67.1027701	26.4474528	9.4997759	74.8927787	24.3103287	8.6079107	68.2208993	24.3975458	6.6749125	62.1441847	23.9374599	10.1630588	20.3364016	105.1754641	64.3205854	3.5359987	22.1443463	20.7671586	2.5374234
1	75.4781736	23.3067204	11.7073184	69.8587361	22.8849969	7.769156	66.8268271	23.6049127	11.9759154	78.7542139	22.8176634	7.8188317	71.4610161	24.4136765	8.5390232	72.0857965	21.7448319	10.5051253	71.9112149	20.3452439	9.7935242	26.9517159	48.6253563	17.7556621	32.0352792	37.9302301	19.2643658	78.6989282
0	65.9970893	23.0562245	9.3070532	66.2793189	22.4082904	9.3624568	62.7905208	21.1373429	8.5225665	70.1585551	22.3743077	12.8230234	77.1849465	20.6060672	6.6307899	73.4236408	20.7601596	8.531939	70.8079956	20.4939679	8.7441565	18.4075691	22.9895697	3.3852677	48.1077059	68.5539216	7.4240595	28.6303952
0	70.1142038	22.3905926	6.4489773	70.797656	21.6055328	7.1835005	70.045558	19.7712366	4.253317	76.6922125	21.6328643	10.6448722	82.0588636	19.9871358	6.3056421	77.6928538	20.2967923	7.2558282	77.9522233	19.4935727	7.3883384	19.634948	27.6310579	4.5325826	56.6770508	67.2334403	10.6748521	58.5211262
1	50.9285204	29.4762422	9.8014332	56.8960805	24.5234992	9.4679543	58.8803287	22.8471472	9.6010967	74.5355253	24.0840868	9.0874142	69.1172166	23.9265377	8.8308544	67.6356949	21.761679	7.6182654	61.7427023	25.973943	8.7621714	0.5013355	59.2409462	11.8462207	26.2169085	18.9644128	18.8531981	9.9518809
1	74.1350692	20.8459543	7.0414936	83.3551313	20.8878244	7.5197326	72.7376425	22.0085488	6.2149748	68.5575886	20.4672427	7.8753719	84.4398674	22.9842354	2.8760881	79.6313096	21.6434078	5.3454788	66.7627631	21.9065081	5.8495894	27.6814894	71.0390575	22.4020378	13.347483	93.4758201	13.5634363	9.5742419
0	80.6256319	22.638971	8.2348068	64.4307206	23.6692343	11.3702301	65.0432476	21.9148098	11.1553742	76.3238557	24.115473	7.5855079	83.3162542	22.7069015	9.8827773	71.6312073	20.9185002	14.7000103	64.4083336	20.4342198	9.6918634	29.4942375	62.82032	0.1870188	57.4200839	24.3556575	5.2001968	0.4359754
1	73.1860532	21.5759537	6.9488794	70.3361266	21.65573	6.2873867	87.0256379	22.0653162	1.7890802	74.1419874	21.9207189	7.0721676	73.7269806	21.0423839	3.1776114	77.9256518	18.7142751	5.4201716	74.8631171	21.1359821	5.5775044	43.644561	4.8065397	105.1854759	13.0289034	23.9106253	18.8348266	19.7024614
1	68.4212834	23.233808	8.0435684	65.5895735	23.3670977	4.7390937	83.5475353	23.9378864	3.6743671	74.0888447	23.4708491	9.5983672	69.0394301	22.8910632	3.97562	71.0403489	20.5770332	5.6682996	65.6551652	23.3910277	6.0499424	38.2717983	0.8342776	89.4367367	24.1578505	4.6013877	9.5454129	6.0156108
0	69.0263382	23.1443479	8.0728243	66.3762005	23.2119288	5.0139198	83.6979188	23.8714686	3.7341426	74.2336899	23.3723558	9.5080686	69.6233754	22.8145426	3.8340896	71.8015925	20.437222	5.7752754	66.6014518	23.2564132	6.131071	43.0030958	0.735155	90.7227963	22.9009078	5.1148072	11.5639987	6.720391
0	66.517127	23.6046925	9.3254117	59.3337161	23.7488638	7.9221331	68.3799456	25.8605171	6.7153054	75.8942016	23.6858323	12.2218937	65.6975235	22.5468482	10.0896265	61.9587017	21.3120941	10.1230786	58.3373955	24.986196	9.3125437	19.8554383	0.1175019	13.6981577	25.2552912	2.93587	1.9281628	9.8995239
1	67.0799945	23.3941736	9.1782207	60.3545978	23.5703738	8.0514647	72.2254558	25.1256422	7.2372775	77.9623941	23.3948399	12.0773954	68.2179656	22.1148123	10.1448457	62.5631734	21.0761729	9.8474072	59.9477318	24.4702339	9.0577984	20.7412528	0.1143429	26.998651	35.5968461	2.9177502	0.4673424	5.8311195
1	66.7539246	23.063456	11.9157295	63.7560258	22.7563276	8.6874884	76.0146865	24.1739007	5.6553234	83.7506836	22.3594396	11.5060078	73.4400472	20.7338948	11.6609719	65.0099277	20.096669	10.1422408	67.0648366	22.2000167	8.7058387	39.6925943	0.1418653	37.4545425	44.3964437	4.7068879	0.014511	19.3952591
0	66.7554152	23.5557249	9.2702233	59.4900328	23.6617754	7.7408551	68.809402	25.8555181	6.2551671	74.9829783	23.7470651	12.1221908	64.9041016	22.6538515	9.842746	61.9690958	21.318372	10.2066314	58.0586282	25.0429529	9.2501541	16.9284926	0.1882377	16.3248151	17.3594788	2.8489962	3.09172	9.674427
0	63.5234361	23.9085662	11.0537099	81.7362609	23.0234829	6.5663559	80.6323335	22.348689	12.6947799	69.7923475	21.1071021	9.5899433	59.8941161	21.1715099	10.2952493	67.1629142	22.006788	10.1876188	78.3532256	20.9981725	11.1217381	29.38633	53.0652463	13.3937881	4.9978569	0.3240081	17.8747863	71.9508362
0	70.2387694	23.5767907	4.3667029	83.8011155	23.0221227	3.6359975	71.9598781	23.0511165	9.792111	73.1816923	21.9780912	3.9916981	70.4302092	20.0889206	4.3178224	68.5099498	22.7544279	6.1087357	82.2955424	21.252939	7.4600412	27.5364104	66.0860449	16.6488574	13.2336989	5.3206655	7.979253	48.5051107
1	72.687824	22.0061992	5.7255457	84.5742957	21.2669957	1.6263036	72.5786054	21.0598242	5.893415	74.6447238	20.2135357	3.0347826	73.005152	18.6997139	4.9744959	76.0896698	20.4338713	5.6135486	87.4650388	19.1584915	5.445568	40.5299249	81.7119837	7.5701908	43.70258	7.2601559	43.094644	65.4440951
1	72.687824	22.0061992	5.7255457	84.5742957	21.2669957	1.6263036	72.5786054	21.0598242	5.893415	74.6447238	20.2135357	3.0347826	73.005152	18.6997139	4.9744959	76.0896698	20.4338713	5.6135486	87.4650388	19.1584915	5.445568	40.5299249	81.7119837	7.5701908	43.70258	7.2601559	43.094644	65.4440951
1	73.9812353	22.3055156	5.9861219	85.3750477	21.7829463	2.0319881	72.0490593	21.9255584	7.6063467	76.4964792	20.6697532	3.3483541	74.5254346	18.9935313	5.1719413	75.8285219	21.0504194	5.9547977	87.0983637	19.8063709	6.2541511	40.5301037	71.7342406	9.3112872	33.561416	10.4340437	23.755619	70.5801081
1	58.7866145	25.4148325	7.3202552	72.7108444	25.335948	5.3011476	73.6758387	23.750591	10.9630397	65.1477231	23.3460343	8.3224171	58.2583014	22.2500883	9.2623653	57.5510198	25.4504961	7.825903	67.3111768	24.2511138	10.0057381	1.3255957	29.5390844	13.824834	7.7898279	1.524848	19.5870192	31.9157523
0	58.337705	25.6437434	7.7783614	72.2484061	25.5263312	5.4511829	73.0534716	24.0365843	11.0304085	63.1917528	23.8637869	8.4225453	56.6669476	22.6120558	9.7133637	56.459867	25.7803301	8.0283857	67.2579462	24.4752116	10.2278967	1.309562	22.3547578	13.6102573	5.1384196	1.6158196	16.1238701	29.193474
1	73.6933312	24.0897393	6.1264302	84.6274576	21.3917748	14.7336163	71.1820494	20.0747426	10.3227599	63.8711601	21.3228146	9.2276096	67.943212	21.5784314	9.8559759	75.9897067	20.2613124	10.6620555	65.8456664	18.5097873	7.4847757	33.7200869	43.4131827	7.4902907	0.0804607	28.4390282	42.3550099	0.2791575
0	72.15351	24.2318524	6.6379676	85.0972534	21.3886824	14.2524522	71.6581648	20.0174742	10.4740628	64.6456947	21.162356	9.0503826	67.9112462	21.5167917	9.6754628	75.6033071	20.2525233	10.5350553	65.2889595	18.5184252	7.63287	25.2774913	46.0024681	8.8230953	0.1975391	34.4395023	38.9939189	0.1585028
0	55.3961112	25.5110509	9.6235772	67.1763883	24.1231433	11.2107825	72.6614747	20.5646991	8.7967311	70.9104057	21.3705857	6.7968762	55.3558601	15.5463865	10.4533649	63.5248973	22.6299258	5.9336669	71.0505073	16.0677012	9.1890507	0.0722143	33.0456835	38.1741574	2.0305067	0.0237317	1.4215501	24.4712449
0	66.962406	23.7258994	9.5106661	49.682819	23.9663972	8.1587673	60.9939636	24.6541407	7.9621406	54.7527159	26.1212361	7.0489856	57.4719322	25.0676849	5.8571572	63.0363289	21.6396792	7.881279	52.9321335	24.9284558	5.3571047	42.9019753	1.4202535	11.6049361	47.4311117	3.3476529	33.8267406	1.8493384
0	49.7398708	25.0269634	8.0936033	49.737137	26.5991405	6.878639	57.7168561	26.1062682	5.9812248	51.7941237	25.8576704	6.4213985	57.7388163	22.4653314	7.7983529	49.2022327	25.2520834	5.5739959	45.2478965	25.0397774	6.3166137	5.8447063	0.9512913	35.0002799	6.8720427	14.1680201	11.5478605	10.0520531
1	49.163109	25.3999637	9.2563883	47.5551681	27.3281444	7.1305716	55.8073831	26.8691495	6.6971817	48.9995358	27.008712	6.3729289	52.5549061	23.6304053	8.8025898	49.716858	25.4055781	5.8139157	48.5381741	25.1200764	6.8502151	4.0576547	0.6052267	17.1495233	9.0324429	11.5043034	19.2849159	16.2789057
0	41.345374	27.348857	11.1362227	43.3546446	29.0977803	9.6237465	49.4277196	30.2607743	9.1867205	38.628417	29.5043872	9.5049922	39.4118573	26.9379644	11.9129777	66.4134204	25.8346726	7.7480184	55.3735827	25.2172676	8.6256312	9.4811857	0.0858467	29.8056457	1.7344204	5.0215979	75.8242577	3.9082299
1	47.423263	30.8505134	8.9783312	38.2360184	29.5605396	10.1922615	42.3972578	26.5564075	11.8774392	65.1527637	26.0660714	7.1488186	55.4171273	25.4283795	9.4035441	57.1973187	28.7125126	7.5003145	56.6079742	28.359502	8.7689495	21.7434172	1.6113666	5.1913669	46.6211557	2.7517209	19.7179288	7.2657107
0	36.4072001	29.6741014	9.6982857	45.6090745	26.0921441	11.4457555	64.6284376	26.9240585	5.5821732	52.0154981	25.3006143	8.2656986	58.4913251	28.7715197	7.5491357	56.9734911	29.0111181	8.6608076	74.972577	26.0186558	8.2674177	2.3989376	10.3092899	44.4129944	1.5024404	22.6527627	24.1148625	61.9771533
0	38.9800957	29.1179956	9.4528845	49.189104	25.57152	10.9591735	72.3135394	25.8568617	5.2079602	63.2625791	24.2316853	7.385999	69.0964137	27.5465499	6.8936525	65.9504295	27.6257712	7.9124469	80.8536881	25.8104736	7.4418692	0.9657887	7.1107705	104.4273317	3.1644116	33.2519885	17.0092139	88.3571707
1	36.003069	29.6199836	9.6639932	44.4732834	26.1294511	11.6292551	64.5839012	26.8666506	5.717988	50.4930712	25.2588314	8.3975422	55.5093615	28.8817201	8.2987971	52.8819573	29.58586	9.2025462	72.6866559	26.136192	8.3822624	1.3945398	14.8261448	44.7564661	1.5487532	11.5399982	19.4149766	41.4285712
0	38.2998499	29.1819023	9.7147101	48.9089876	25.5514889	11.3347079	71.2020601	25.9829313	5.3280956	61.8491312	24.2862565	7.6181543	68.0553299	27.6143861	7.155611	65.2411689	27.6848648	8.1072725	80.7431112	25.6935767	7.6207201	0.6752458	7.4807515	88.7126565	2.4524639	36.1946996	16.0988126	98.6946575
0	50.1998723	26.6819837	8.4113593	48.628035	24.5679277	8.3407356	51.674636	25.8951918	6.246939	47.7554763	25.0068317	7.0552779	57.6271461	26.5642792	8.6312917	66.3035782	25.3838395	7.1013669	62.0302191	24.1392729	6.1313933	13.9143315	2.5589426	16.1798835	16.1114047	14.7133495	58.3866093	53.2316916
1	56.2757532	24.5736085	7.5631481	56.3329593	22.7278398	5.9842425	50.7253012	25.5041948	5.6809457	43.3401384	24.9341592	6.6451868	61.6907215	25.4773419	7.9444602	64.2320995	24.1485228	6.0886141	61.6714877	23.0117268	6.3193542	14.9145421	6.9069673	2.7217209	9.20494	29.57015	55.1270101	37.9412375
0	49.1250538	27.0223622	12.2529594	49.6707254	24.8922627	11.7711364	50.8536164	26.5718915	8.4574549	48.2441556	25.5626818	8.7941317	61.1313224	26.9270256	11.6293364	66.504347	25.5038055	8.7834411	60.5858799	24.8115896	8.9396248	6.3944009	0.9631922	23.3864278	15.8082406	12.4217447	74.1111491	40.1476078
0	46.3552383	26.96807	10.9713888	48.1821009	24.6150584	9.8019299	48.4451764	26.7484052	8.7041093	46.2890821	25.2276976	7.6664933	61.3810718	26.9883631	10.1302754	61.9192716	25.978473	8.6450663	56.3072882	25.5329554	8.9020771	3.3469346	3.8783361	2.5316119	19.202889	14.8758616	23.2241157	13.8677709
1	47.6238447	25.728703	11.5043404	67.0032694	26.8955101	6.8840799	56.5271856	24.9986448	10.0968885	61.2901877	28.118978	7.8831243	65.0902734	28.099791	10.5387605	73.0980232	25.5578759	9.4068401	67.1780747	27.5395502	8.9812127	4.754289	53.1507867	2.5548272	25.4981991	89.6638487	22.6801656	8.2310843
0	57.3462435	28.138402	7.3237464	75.4097813	26.8142755	9.9481238	66.1990249	26.0469404	7.2053795	59.8313974	29.1804571	10.3772753	54.9206953	26.4793853	8.9701204	53.5158724	28.4640817	10.704988	46.1248184	27.3035227	7.2444983	25.2685814	89.3432643	3.9219512	2.9659483	16.5558876	0.6139119	1.2228968
1	66.4227884	23.3258555	6.885489	65.2659208	23.5657403	6.6763116	66.2407985	24.0076105	7.1002201	74.482744	23.1723075	7.6980197	66.7460631	23.3629069	6.8367542	75.3942718	23.0476941	6.9611002	66.9210261	22.3598146	6.2617863	15.4534398	70.8081867	47.4944814	68.281478	0.9408416	173.4277	3.1154486
0	68.0713726	23.2359885	6.9666638	65.6147912	23.6022103	6.6856095	65.0717436	24.1309713	7.149708	74.7025498	23.3504139	7.8218082	67.573367	23.2597285	6.7832075	75.1218341	23.1308065	7.3014113	67.7972688	22.4160483	6.5015316	24.404165	61.7238279	39.3477334	73.6330066	0.4064115	130.8917244	4.7311815
1	68.0713726	23.2359885	6.9666638	65.6147912	23.6022103	6.6856095	65.0717436	24.1309713	7.149708	74.7025498	23.3504139	7.8218082	67.573367	23.2597285	6.7832075	75.1218341	23.1308065	7.3014113	67.7972688	22.4160483	6.5015316	24.404165	61.7238279	39.3477334	73.6330066	0.4064115	130.8917244	4.7311815
1	67.4720787	23.3463052	6.7466808	65.0577575	23.7055747	6.5554004	64.6725897	24.2457406	7.057022	74.431133	23.3768857	7.7706808	67.0188114	23.3034645	6.6784555	74.7389815	23.1883888	7.1342194	67.1413523	22.5080893	6.2662452	21.740508	59.2830624	42.7822276	70.7764838	0.4001381	129.8991282	4.096854
1	65.2518352	23.2809337	7.0119922	66.3917272	24.0192743	7.7019707	72.307419	22.7262079	8.2232847	69.4549578	23.869016	7.9606253	74.3139806	22.4586325	7.0497512	63.1437162	22.1368176	6.0225338	57.390433	23.5519478	8.6585093	72.1966706	4.5399266	67.4717672	35.0142861	134.4324042	2.1216701	0.1417833
1	66.6316297	24.5657499	7.5885736	72.77018	22.225581	7.2267888	72.7923079	24.0330141	8.3029504	73.4103989	22.3714243	6.0381956	58.560043	22.3544029	6.497774	59.5490198	23.8628607	7.785157	60.1931582	23.6497235	7.500307	5.1890152	69.2321635	160.7713591	4.2006853	0.1518886	0.2013253	25.2874506
1	65.0146863	25.0933262	7.5563206	71.7096028	22.1299011	7.4505429	70.9733306	24.1176379	7.8785674	71.4370822	22.5842917	5.3981977	56.6562095	22.6416285	6.1583979	59.2509544	24.0254351	7.3689255	58.9739267	23.7230122	7.2252455	0.533803	51.9400961	151.2016248	2.0141634	0.06424	1.0146456	13.9774543
1	60.4318608	26.4245901	9.6556025	70.2260699	23.9469468	11.3815552	69.1726016	25.5931308	11.5431174	71.6640695	23.5038299	8.9365194	61.678845	23.5820466	9.4762886	58.810558	24.8755095	9.4216735	59.7600775	25.5227471	10.6142257	2.239837	82.4397482	62.2181635	2.2190991	0.2639603	0.706877	0.6166857
0	57.1367049	26.3717976	8.780694	70.2241684	24.1350746	11.2338516	70.7174144	25.2628202	10.9864556	74.1852596	23.0721661	9.4383538	64.3999703	22.9419796	9.3044198	58.3327583	24.3630118	9.0705231	59.0392221	25.2648881	9.8319749	0.7348793	98.6812986	72.9969483	3.6375406	0.6862145	0.2998965	0.4885805
1	71.3774933	21.3880551	7.0263872	73.0542144	24.1196137	7.1544373	71.7836964	22.6880955	5.4893607	53.2390515	22.5848827	7.2654197	60.224763	24.2658294	6.7523873	59.7273321	23.0621017	7.7575343	67.4856959	21.411728	6.3896093	53.4477897	163.2278006	2.2293899	0.059041	0.7856103	23.6626736	20.1109856
1	72.3023197	21.4483695	6.8998671	74.5943299	24.0346644	7.7857612	74.00082	22.4036136	5.8933366	54.422578	22.3218619	7.6847414	60.9220729	24.0413944	7.0982716	61.2000688	22.9523082	8.1629842	69.3487927	20.9991419	6.6564015	68.8191868	160.773028	4.3251637	0.0248875	0.3794642	31.6940716	17.4650013
1	72.3253119	21.426641	7.0724468	75.3221559	23.9352527	8.0752958	74.8698493	22.1644255	6.0753036	54.5706548	22.114447	7.9916356	60.8102479	23.8741697	7.1616787	61.1259473	22.8495017	8.3821157	69.6281992	20.6928385	6.7266253	73.8493718	142.3894804	5.4251227	0.0342305	0.2271148	36.2731389	16.6673124
1	75.3039395	24.1021032	7.7958368	74.1261841	22.665679	5.4341871	52.701371	22.0481417	7.926106	60.5960591	24.2896317	6.7604325	62.2535147	22.5550979	8.7377747	70.414021	20.8281655	5.9403345	60.8018631	22.2322932	9.3573641	173.9539861	3.4988853	0.0298436	0.3529223	29.9393705	16.7328715	2.4319053
1	75.6827099	24.0903728	7.9086563	74.5281956	22.6021327	5.4538869	53.2456	21.9621345	8.018611	61.2990333	24.1884877	6.7264268	62.9118322	22.484704	8.8013504	70.6088026	20.7170699	5.9009523	61.2759989	22.1119435	9.3757481	161.4126771	3.7998441	0.0363107	0.3403755	32.0194534	15.8139467	2.0754546
1	75.8338662	24.0491479	8.3559402	74.7877451	22.5720685	5.8196618	53.205437	21.9329074	8.4369135	61.0286794	24.0650339	7.0034961	62.383597	22.6429653	9.1875147	71.465933	20.672706	6.0460893	61.1023354	22.0966324	9.8044165	133.7546467	6.4647827	0.0295307	0.3946306	35.4417733	18.7976211	2.6944935
1	75.6705502	24.1112061	7.9781729	74.3996806	22.7337594	5.5790338	54.1168581	21.9853278	8.1306133	61.6975339	24.0695331	6.7069503	62.6204401	22.7371571	8.7668414	71.8264827	20.9274958	5.8294649	62.326847	22.1252899	9.3920866	130.7453572	5.2270326	0.0552501	0.6901654	31.6522888	18.477276	3.0551165
1	75.6705502	24.1112061	7.9781729	74.3996806	22.7337594	5.5790338	54.1168581	21.9853278	8.1306133	61.6975339	24.0695331	6.7069503	62.6204401	22.7371571	8.7668414	71.8264827	20.9274958	5.8294649	62.326847	22.1252899	9.3920866	130.7453572	5.2270326	0.0552501	0.6901654	31.6522888	18.477276	3.0551165
0	75.6467025	24.2573029	10.2829858	74.8262561	23.1874548	9.2859526	66.677592	19.7198363	11.3626667	70.2177027	22.5257266	9.9528743	77.3682529	25.5815534	11.5276018	81.0154335	25.3582141	7.6941326	72.4577059	25.2206646	8.7709253	59.317556	69.8577821	4.5282344	27.3512627	63.5267559	89.6053844	37.3105526
0	65.5547662	22.5901238	6.3037966	61.924556	22.3469937	8.8365261	51.868731	23.5396236	6.5768635	43.6183136	26.3278501	7.254536	43.9292507	27.7812721	9.9733492	74.443198	24.456268	6.0268906	65.6882972	24.8579264	5.8785802	38.137769	16.0228431	6.1478354	2.6836456	0.086046	38.9976621	3.9377
0	66.6777904	23.1679698	6.5796243	62.8154003	23.0419807	8.9420532	55.4353181	24.186201	6.5937428	48.6622904	26.6436401	6.5121909	46.531627	28.5787052	10.7508931	76.1675017	24.71186	5.5752718	66.0973471	25.3853515	5.972604	47.782635	29.7612816	19.139368	8.3468319	0.1598663	44.1631348	2.9521819
0	63.7357024	23.4595108	8.4726386	52.1502119	24.7419046	7.8996808	53.2037481	26.6742105	6.9931323	52.1201755	28.5117043	10.7915343	77.9640759	24.4702044	5.7054092	64.1639208	25.6879852	5.7634102	75.1976496	23.0670882	10.7935574	34.0376139	25.2894707	12.6930153	1.8489166	46.6568812	7.3943469	14.5403915
0	75.5336003	21.8902679	7.156379	61.6147243	22.1140446	8.0928679	62.8126261	24.8025006	7.6005083	56.2746749	26.3158221	5.6755657	85.3356405	24.1033075	7.1632287	78.3731051	24.6794868	5.7658078	88.3325778	21.8103103	11.0272245	49.9856859	15.1527322	14.8601209	0.3714367	85.8222141	26.4065	82.9613232
0	57.8169037	22.432723	8.3427987	61.8617223	24.7659523	6.4497913	61.6657869	26.231922	5.665598	84.4197295	24.3723935	6.5367531	80.4979821	23.8436255	6.3883207	89.2865509	21.9591936	9.4214493	75.8096636	19.563074	5.8003453	14.0425672	12.880445	30.1028921	71.8051149	56.2968513	87.0309596	17.4788998
0	65.7144655	23.4290027	8.6438277	68.9994641	25.6791894	7.1773048	68.724607	27.2611957	8.735804	84.5732059	26.5944219	8.6136482	76.9780478	26.423599	7.9297039	83.3250936	24.3793364	11.3939495	71.6817869	21.6472909	8.7921063	25.7714947	29.3919896	32.7002539	180.3123756	26.3972839	53.2530819	5.1842646
1	67.2597388	23.6360921	7.1678464	69.8557062	25.8407059	7.1874317	67.7158649	27.7818662	8.5023931	82.878322	27.3114048	9.8402281	75.6715152	27.0435301	7.8065555	83.2837633	24.8420642	10.6060972	71.1082657	22.4052197	9.4947787	29.8351456	17.5349718	10.1435019	170.3648372	31.1780384	75.9602313	6.4153836
0	67.2363276	23.4804699	6.6527487	70.1221225	25.6711095	6.7649708	69.1772284	27.5424805	8.2642627	81.4938688	27.6361932	10.0279131	75.4205972	27.0173838	7.7807677	83.1417075	24.9770275	10.3757912	71.3891654	22.3173988	9.7701113	29.1000863	24.3227338	6.2502756	195.2773585	40.3738281	70.3912501	8.9821682
1	67.5938985	23.8052234	7.3335007	69.584279	25.9917708	7.3131564	67.1492851	27.8679316	8.3607301	83.6413126	27.0548246	9.4563717	75.5874462	27.0521797	7.7738894	83.0343934	24.7124837	10.4396353	71.002137	22.4121021	8.986568	34.7741206	9.9525457	9.6514507	165.1299848	25.713261	63.345102	6.1474757
0	66.2274484	27.6340801	7.4986247	80.0962869	25.5441259	7.6377408	81.3256613	23.7967202	6.1528201	84.2899465	24.1839914	10.5499556	71.8888884	19.7635053	3.7755946	78.4589812	23.425092	5.1514938	70.5446425	22.0412671	3.9505117	49.7533863	54.7788287	75.1636761	57.644928	5.254278	9.5880792	5.0562415
0	71.5137793	27.6739681	8.8343301	80.0769261	26.4994946	8.2709119	80.1984929	25.1031981	7.5974133	81.9691068	25.1670062	10.126052	69.7442514	20.7817926	7.580997	75.3374241	24.3140197	5.8622625	69.3379068	22.216095	6.3571357	99.697653	115.9398401	36.4918399	65.4918795	11.1901854	20.3639433	9.0956483
0	69.440672	27.9959547	8.3768124	79.3105947	26.5307446	7.7428206	78.9697004	25.077168	6.9263858	81.428735	25.1074242	9.6464795	67.4273112	21.0316298	6.7952676	73.7638968	24.539873	5.3894796	67.345557	22.5241075	5.5632469	73.0215645	100.8501047	31.5517175	60.1663535	9.7108279	13.2401601	9.8282788
0	69.9521987	26.1362077	7.6920959	81.5677123	24.5909892	8.158302	83.233583	22.7395564	7.3190587	87.1198441	22.990446	11.1769323	73.1480095	18.7702366	5.7662119	80.7626927	22.3566862	5.4383445	76.030058	20.6813689	4.7058747	35.6839037	62.7381349	56.2834728	59.5920031	5.8463458	12.5730053	19.8543612
0	69.9521987	26.1362077	7.6920959	81.5677123	24.5909892	8.158302	83.233583	22.7395564	7.3190587	87.1198441	22.990446	11.1769323	73.1480095	18.7702366	5.7662119	80.7626927	22.3566862	5.4383445	76.030058	20.6813689	4.7058747	35.6839037	62.7381349	56.2834728	59.5920031	5.8463458	12.5730053	19.8543612
0	81.1971671	22.3106291	8.3181994	81.8328726	22.1471865	6.092599	72.8698005	20.5969193	5.0952526	75.0877927	23.0916197	6.5749097	72.0328332	21.4210248	5.9049517	71.9136451	20.6061249	5.2647088	70.0814867	22.1902175	6.650803	44.2129724	40.9663286	7.5692661	7.443161	14.1271777	14.5686805	1.6739255
0	81.9328864	21.05091	9.1470015	83.2753813	20.6673223	6.3874775	72.0026551	19.3614747	5.8477743	75.3279909	21.7479045	7.1115303	71.1009743	20.337331	6.2082821	71.957385	19.2348335	5.7453993	68.7205438	21.170942	7.3363381	34.8805242	59.7075936	7.8994013	8.0414277	13.1355949	26.1078715	1.1236405
0	81.528008	21.4507891	8.777689	82.4047643	21.2213123	6.3237738	72.1764142	19.7190826	5.4778991	75.2298373	22.1072098	7.0011993	71.2638457	20.6652584	6.1572776	71.7651076	19.6443038	5.4375783	69.8515187	21.4678519	7.1045894	35.8296089	48.5640135	5.6301631	5.5598479	13.0395271	18.147254	1.4229899
0	79.7047423	24.2821344	8.6099271	78.2654588	24.2769647	9.0506449	74.3980008	21.6395276	2.5949856	74.968447	24.6329492	5.8505199	70.3503787	23.0026026	6.2600101	73.6194261	22.1363867	4.4684309	78.3288563	23.5517433	5.691323	61.6613381	53.5101112	15.7493033	2.0737511	40.5796744	10.4849875	8.113656
0	84.7800045	22.1650283	10.5023909	83.2055635	22.2484235	11.5527633	76.7133477	19.6658134	3.7507838	79.9265034	22.5040197	6.2220752	78.4892178	20.9039465	6.9455776	75.6441916	20.2436458	6.1834304	80.5306208	21.690822	5.9478833	42.1931349	49.8321023	14.0220948	5.7614457	42.864529	13.4420484	5.0673967
0	80.3290685	24.456044	11.2108669	79.0627217	24.1094959	9.8223818	74.9794095	22.0819337	5.7135126	73.3653358	24.2504854	6.5280321	69.9600393	22.0370846	8.5556675	75.3210058	22.0314876	5.5685088	74.8715683	23.5403965	7.925295	31.3281768	51.8135991	39.4685246	0.1184356	31.050948	26.4654845	2.2268479
1	78.5566006	22.6165548	9.132482	76.4937901	22.3546308	5.2753351	73.6388201	23.8737142	8.3372622	73.0723801	22.2456634	8.5772588	72.6764391	21.6443954	6.7350213	75.4178389	23.0521123	8.4369238	67.8464596	16.6164904	11.3277375	50.221266	32.660808	7.4088108	55.8100618	5.4621031	33.1493482	6.3235614
0	69.9735568	21.8351179	7.0135194	73.3251009	22.2185259	7.5227065	70.4805229	21.3723626	5.9065901	66.4217479	19.6281889	8.0812059	64.2697939	20.8719466	6.2974627	65.6307043	15.35624	11.695003	64.2509616	15.7521111	8.5005527	6.0038592	7.4363444	25.7119514	18.2872107	20.9128638	3.7140591	7.7656143
0	77.889066	21.8960484	5.3115764	78.9319314	22.8643244	7.2808931	80.5531097	22.2205885	8.1286295	72.0312884	20.8257568	7.124713	81.014295	21.3116206	9.8155431	71.8950832	15.8386852	10.349032	71.749304	17.1358187	10.1803703	28.4997101	24.9460731	55.7235755	3.0287196	46.6661681	0.3907723	5.38724
1	74.9112554	23.6391194	4.9269535	73.8598374	23.5757734	7.5022657	73.4073281	22.8879294	8.0804673	72.1957271	22.0365896	7.3062764	75.6936048	22.2749879	8.4393093	67.7088887	17.3626342	10.2168179	69.8050246	18.0176779	9.7581272	39.5213242	7.8864489	46.8639858	7.2639873	26.4798035	0.6264193	32.0031874
0	76.1980153	25.7010033	7.6702613	72.4880715	25.2695746	7.1980201	73.3920628	25.6888851	10.5521381	76.4771965	23.7064534	12.0436166	76.7346083	24.4222977	8.1095935	67.789573	18.9307378	11.6529034	69.7142503	20.4840563	9.3505922	11.3534655	33.0545996	24.4977154	48.7274816	14.825203	6.4679874	8.173772
0	75.6401763	25.5686558	8.0660199	72.7124377	25.1365993	7.487759	72.7060186	25.4126342	10.8537532	75.2906278	23.5412283	12.3962168	76.487129	24.2314843	8.3689313	66.7806359	18.758328	12.1287966	69.4837666	20.2199542	9.8282212	17.8785201	29.3453876	14.311222	41.6891118	16.4015223	1.4427496	3.4404778
0	75.7044415	25.0097277	9.3388795	73.4640317	23.3368839	10.9043004	73.115454	22.1568083	9.5501101	66.6407858	19.7785495	8.9764465	73.9533261	20.6371641	9.4196724	79.2413631	18.5267848	11.9194155	78.1650593	17.0290897	5.7714425	47.6870835	2.7572115	26.423948	0.0278354	23.1226092	27.8165959	50.5452842
0	57.7680939	22.1430139	8.5169659	48.7140834	22.8212174	9.4178082	49.3208657	22.6943529	9.38085	37.1323165	23.2729782	12.522062	52.3628846	25.4817788	9.9555569	43.7808568	27.7134569	10.6249664	57.6812979	24.5507133	15.0524207	13.0020702	24.3784786	8.2692839	0.3414074	23.0364557	1.2915879	23.0328321
0	46.4530388	21.3147668	9.2974632	45.0967593	23.0074442	10.2414452	37.4712493	22.9766386	10.7058123	45.0009881	25.1887161	11.0656773	42.2401052	28.0133568	11.9738179	64.6430549	23.4290017	12.6580299	61.9417116	22.8799378	9.4163378	10.9066069	21.8983685	1.9503754	13.9724251	1.0168403	67.9284641	2.6917909
0	58.4053041	23.4250908	7.1502667	40.560807	26.322183	8.3409594	55.7223447	22.795701	7.5111433	57.0876987	23.1354484	3.9732418	44.849911	24.2620671	8.3273481	46.3887993	26.8271586	7.1357122	55.2447288	24.6167912	9.0681103	15.2510788	2.2056401	17.7613655	9.0276157	2.4240693	7.4663937	2.3554294
0	41.5910704	27.9141026	9.1513966	55.8645065	24.0269755	8.0928525	49.8274319	25.5146113	7.3339942	42.5511451	25.1261974	8.3387452	46.3243785	27.8910438	8.2539221	52.6806014	25.5455262	8.5950082	66.3180796	21.2949511	7.6962994	1.031968	10.1953665	2.511333	15.7207618	5.2037665	6.3972165	31.5385304
1	41.1718693	28.12461	9.2458458	55.2334321	24.1402684	8.3909424	47.6093142	25.7660994	7.7356028	42.9146087	25.0333426	8.295929	46.1164527	27.9055643	8.5372102	51.6172908	25.5810312	8.8222899	65.1339205	21.3953278	7.9270117	1.2158781	9.777821	1.8153891	22.7266023	4.4485757	5.0164004	23.3807108
0	60.0353054	23.7667016	10.4756854	54.317661	25.5695136	6.2006549	48.1852004	24.5212346	8.2159387	63.0832366	26.8747065	7.965587	54.1670591	23.8451948	8.3626572	71.1819538	21.3331016	7.7192676	66.1202779	23.7314879	11.5194176	18.5513803	27.9987112	1.8206457	24.6989259	2.0161529	43.9021579	25.8882458
1	56.0369246	24.7245002	9.0233575	51.9439605	26.1948275	5.6755648	48.9786927	24.7328696	7.5618689	64.5949582	27.1481905	6.6967267	54.4837325	24.5164768	7.5671116	68.9797207	21.7638354	7.3614682	63.2597666	24.3777281	10.2024651	8.1800977	20.8619342	6.6831777	31.268237	1.9897481	30.7215444	23.8789434
0	53.8301342	24.4000934	8.9937162	47.9067703	25.1563645	11.3878797	58.5759037	26.0523257	10.4262094	52.0920089	21.577261	10.5554887	64.5931493	22.1577236	9.5215536	67.8364494	23.1571754	14.2873527	70.4110438	21.5842352	10.7165432	19.8089534	0.2319673	13.9262983	24.5103826	6.3819817	17.3776294	14.7659165
0	55.6204415	22.3657859	11.5607354	51.9508413	22.9993821	13.0476828	64.4859887	23.0871797	10.2257574	50.2084162	19.5796676	10.6505805	60.5378305	21.0297939	9.8228679	65.5605314	21.9644206	15.5343849	69.1789921	20.2964516	10.6658091	57.3418939	13.9146904	32.5163165	7.4643482	11.0627047	10.5180139	26.3631326
0	59.3552213	23.0678994	11.172515	55.7235025	23.5640445	12.4986578	68.0290915	23.7299555	9.9606462	56.0593978	20.0797955	10.4774873	65.8059568	21.3546754	9.4648759	69.478994	22.2954985	15.3022873	72.2524794	20.8800639	10.2754799	55.5243546	12.7366493	47.768102	7.103457	12.2195563	11.2805809	26.9646925
0	52.8767352	24.8695991	8.2425102	48.4987817	25.251591	10.8415134	60.9390376	26.2045765	9.7019206	52.0563328	22.1036399	10.2917213	69.394403	21.7057845	9.0407687	70.1003799	22.9919503	14.0574516	73.6509609	21.3069031	10.4481588	31.082263	0.0781426	16.2025997	52.8593798	1.2218139	17.8305055	25.8252752
0	54.1311115	21.8129585	13.8914645	44.3923631	23.5559878	18.3358684	62.086784	22.6572946	12.5053798	45.6978884	19.5833878	13.7787256	53.9429664	21.5225976	11.1098567	64.3366683	21.6201823	18.089293	66.4000807	19.9946937	12.2371702	38.7414896	1.4129439	42.4325177	18.1935568	4.4876865	8.0006714	20.3638953
0	56.8407197	22.7855571	11.2478474	60.2449493	19.9610114	8.4140379	60.6574514	22.5415043	11.9556044	74.2017684	21.5304059	12.0740631	62.5165263	21.6627862	12.2169594	63.3258908	24.1260161	9.562887	68.3750065	18.6315204	10.1033856	14.5413992	14.4672128	17.3016962	28.2168439	0.2194715	5.3487083	79.9079532
0	56.0718233	20.8847247	12.2354838	54.428961	18.9847047	9.2160454	57.283505	21.4211545	13.4993528	74.4339163	19.7877185	13.4561559	63.5930453	20.0290088	13.6458803	67.8605153	22.1883068	10.3246248	68.6288805	17.0369915	12.1087221	6.0604629	11.6770001	6.6553678	37.5400385	0.0816805	11.9936427	53.9466436
1	55.4713871	21.0562742	13.3954626	53.4999908	19.3662151	9.4056203	56.0464509	21.9760164	14.6262648	74.5460827	19.7709193	13.5893595	62.3621891	20.3555062	15.0012533	66.0430631	22.6644275	10.4708105	67.3217504	17.4876983	13.0218177	3.5375473	16.9233861	5.9590664	32.7983996	0.0739021	10.7371172	41.7876984
1	65.634294	25.5451251	6.3562328	63.9293547	23.2131854	7.4163383	60.328903	23.8709778	6.8391485	78.0570027	23.2532017	7.5524135	66.8246285	22.3969752	7.6798751	62.1821877	25.1007068	6.3988077	57.7431412	21.3180903	7.1081418	20.624083	24.5018931	0.3838118	64.7804489	1.2063158	0.7795802	10.3596295
0	60.6412154	25.4171489	8.0602304	62.6880309	22.5513202	8.0023792	60.5903939	23.6098869	8.5281549	77.9057003	22.9301106	9.1070949	67.5652325	22.068048	9.3009264	62.4553536	24.8335588	8.0670062	59.488549	20.8232173	8.0041026	12.1144023	35.4226114	0.2183195	70.1055875	4.2728556	0.8789858	15.0301303
0	64.2481092	25.4422257	6.6994591	63.7851522	22.9072075	7.3504585	60.2966002	23.8082686	7.280353	77.884938	23.1796805	7.8403878	66.9422239	22.3481587	8.0219903	61.4749942	25.134933	6.8386981	57.9669548	21.2387679	7.2302753	17.3593876	31.5002533	0.143322	64.9293264	1.8465591	0.5433669	10.9113897
0	63.8069178	23.7048264	8.4611308	81.0550419	19.6837532	6.3073469	61.9583253	22.6148511	9.3352345	63.9636701	24.3838915	7.4955403	55.7338052	17.7163648	6.7824063	58.7183978	20.2128703	9.0236558	56.5221685	18.4587457	6.3433008	19.2377394	53.2199723	0.3271809	7.8401825	3.8272228	21.6686045	0.467308
0	66.2312781	23.99926	10.7596763	79.3904532	20.9033752	10.3548241	66.4025144	22.879546	10.2210799	64.6080314	25.1808711	9.4438419	66.0785296	17.7517768	7.6861411	65.4021463	19.3975452	10.746995	66.6721599	18.2790349	8.1365966	18.9197188	45.7864983	0.2682617	3.0007025	48.0997797	41.8113982	0.3820286
